         14          14
  0.180279270136D-01  0.194705458801D+01 -0.151395721445D+00 
  0.194725366973D+01 -0.874906934231D-03  0.813316402447D-01 
 -0.179994267121D-01 -0.194707796705D+01  0.151424205499D+00 
 -0.194719699823D+01  0.857052237118D-03 -0.813585721893D-01 
 -0.123370150445D+01 -0.120605242442D+01 -0.443116812858D+00 
  0.116379569346D+01 -0.106525850384D+01 -0.217205460845D+00 
 -0.116379626133D+01  0.106526789016D+01  0.217188047821D+00 
  0.123371740097D+01  0.120605124300D+01  0.443108134550D+00 
  0.156863637450D+00  0.346265464528D+01 -0.637034981230D-01 
  0.356087891531D+01  0.271474163188D+00  0.192816510244D+00 
 -0.156841845656D+00 -0.346265566247D+01  0.637274635862D-01 
 -0.356087387755D+01 -0.271484017684D+00 -0.192819412610D+00 
  0.156565136846D+01 -0.684979726805D+00 -0.197135328303D+01 
 -0.156566205827D+01  0.684963490665D+00  0.197144933330D+01 
 -0.684978659917D+00  0.156565145745D+01  0.197135520834D+01 
  0.684963524081D+00 -0.156566225263D+01 -0.197144961101D+01 
 -0.120605205883D+01 -0.123370169148D+01  0.443117068636D+00 
  0.106526789608D+01 -0.116379560612D+01 -0.217187637928D+00 
 -0.106525862957D+01  0.116379614147D+01  0.217204631195D+00 
  0.120605153581D+01  0.123371710115D+01 -0.443107791525D+00 
  0.271474189922D+00  0.356087958905D+01 -0.192818869502D+00 
  0.346265470990D+01  0.156863507931D+00  0.637023313384D-01 
 -0.271483669917D+00 -0.356087325697D+01  0.192817160942D+00 
 -0.346265552713D+01 -0.156841833350D+00 -0.637279327603D-01 
 -0.873462801912D-03  0.194725296701D+01 -0.813333804731D-01 
  0.194705379402D+01  0.180272027743D-01  0.151395039214D+00 
  0.858155038951D-03 -0.194719717018D+01  0.813577429211D-01 
 -0.194707830330D+01 -0.179994324989D-01 -0.151425075944D+00 

