    41          41
  0.260687917554D+01  0.327284938685D-03  0.583618951434D+00
  0.266946092183D+01  0.542036810679D+00 -0.353498738355D+00
  0.266909468663D+01 -0.541753183139D+00 -0.353379835273D+00
  0.324865879602D+01 -0.784470422837D-03 -0.846491313948D+00
  0.317935253129D+01  0.715285028381D+00  0.452426027208D+00
  0.317917198322D+01 -0.715399758532D+00  0.452011415598D+00
  0.372928443002D+01  0.139953435679D-03  0.641483926148D+00
  0.377089487825D+01  0.538071169978D+00 -0.290308770309D+00
  0.377091693288D+01 -0.538165345088D+00 -0.290239138952D+00
 -0.320060264444D+01  0.470257873553D+00 -0.684580870283D+00
 -0.320108054190D+01 -0.468772947499D+00 -0.685123888414D+00
 -0.320105595319D+01  0.707479529994D+00  0.216193023558D+00
 -0.320166505251D+01 -0.707954362767D+00  0.214608877979D+00
 -0.390111045157D+01  0.116070140492D-02 -0.216228020489D+00
 -0.367302595192D+01 -0.139141945379D-02  0.675839055227D+00
 -0.248125773040D+01 -0.609034483208D-03 -0.215657518847D+00
 -0.273190490102D+01  0.370065917339D-03  0.697440926460D+00
  0.102585442875D+01  0.210675441057D+01 -0.481537109797D-01
 -0.994703788457D+00  0.210340172755D+01 -0.152429786762D-01
 -0.861438412017D-01  0.370507893298D+01  0.122811845610D+01
 -0.498324547292D-01  0.355366660877D+01 -0.103514767450D+01
  0.102583075128D+01 -0.210666159505D+01 -0.480705088868D-01
 -0.995325165518D+00 -0.210289520073D+01 -0.151307234905D-01
 -0.859615053845D-01 -0.370556445902D+01  0.122802175425D+01
 -0.496465588914D-01 -0.355372368374D+01 -0.103531965732D+01
  0.519621755913D+01  0.225474147167D+01 -0.710441300278D-01
  0.493279073115D+01  0.500689591345D+01 -0.615933879593D-01
  0.699471858606D+01  0.275264816726D+01  0.127647878107D+01
  0.722906604868D+01  0.250087228746D+01 -0.115778176143D+01
 -0.545431976428D+01  0.232400966212D+01 -0.193029383870D-01
 -0.486875397108D+01  0.490375636583D+01 -0.610960371560D-01
 -0.685072061403D+01  0.272161504452D+01  0.127685097444D+01
 -0.703795937675D+01  0.249388033510D+01 -0.122827676058D+01
  0.519617538516D+01 -0.225468775958D+01 -0.711474822088D-01
  0.493280380648D+01 -0.500684672066D+01 -0.620860626824D-01
  0.699450774303D+01 -0.275289615824D+01  0.127671051142D+01
  0.722930860080D+01 -0.250069671538D+01 -0.115743188834D+01
 -0.545565036501D+01 -0.232531837419D+01 -0.191831037489D-01
 -0.486882082224D+01 -0.490358036834D+01 -0.613662291646D-01
 -0.685043719068D+01 -0.272150875345D+01  0.127672351761D+01
 -0.703755285435D+01 -0.249350469684D+01 -0.122823406061D+01
  0.320463822969D+01  0.469949847073D+00 -0.684657069128D+00
  0.320254337842D+01 -0.468371937320D+00 -0.685221281907D+00
  0.319976264866D+01  0.708472320828D+00  0.215725632122D+00
  0.320043165641D+01 -0.709020570585D+00  0.214022422375D+00
  0.390344010673D+01 -0.270367635457D-03 -0.212860890365D+00
  0.366955582632D+01 -0.314410456226D-03  0.676171701929D+00
  0.248026750490D+01  0.103159277246D-02 -0.218149700885D+00
  0.272959271614D+01 -0.911461893232D-03  0.696670357248D+00
 -0.260783257053D+01  0.219394793954D-03  0.586943381245D+00
 -0.266907705578D+01  0.540931353646D+00 -0.352046287113D+00
 -0.266876764374D+01 -0.540782252270D+00 -0.351870214201D+00
 -0.324604101234D+01 -0.440350223002D-03 -0.847664075580D+00
 -0.317997497644D+01  0.714226213972D+00  0.450430620595D+00
 -0.317978430227D+01 -0.714181402924D+00  0.450380690142D+00
 -0.373232903485D+01  0.397705883939D-04  0.641271725937D+00
 -0.376852303453D+01  0.536317154936D+00 -0.290827034552D+00
 -0.376846785858D+01 -0.536451136931D+00 -0.290601620813D+00
  0.101247061580D+01  0.210413100288D+01 -0.462234575420D-02
 -0.103690711720D+01  0.211741001928D+01 -0.381396033535D-01
  0.799547033848D-01  0.364345360898D+01  0.113818032322D+01
  0.480975013354D-01  0.355634839830D+01 -0.101480653402D+01
  0.101275631865D+01 -0.210361364121D+01 -0.452038580544D-02
 -0.103698250531D+01 -0.211744413759D+01 -0.380368210175D-01
  0.799163389212D-01 -0.364382340276D+01  0.113806894900D+01
  0.480811944658D-01 -0.355633379208D+01 -0.101493547341D+01
  0.547171706372D+01  0.226622639013D+01  0.769926855689D-02
  0.487855929135D+01  0.504757875147D+01  0.638785663968D-01
  0.687410342878D+01  0.262921050776D+01  0.118787175572D+01
  0.692637370325D+01  0.258147442436D+01 -0.130197791780D+01
 -0.521967414315D+01  0.225588940783D+01 -0.260090605633D-01
 -0.490615229662D+01  0.509327094990D+01  0.710674062609D-01
 -0.706411989330D+01  0.266187967668D+01  0.117863606026D+01
 -0.713122821741D+01  0.254999770316D+01 -0.124013337490D+01
  0.547221532762D+01 -0.226736415424D+01  0.773007715198D-02
  0.487872244677D+01 -0.504759434859D+01  0.640459293748D-01
  0.687410896684D+01 -0.262891999319D+01  0.118746559976D+01
  0.692577419545D+01 -0.258125183764D+01 -0.130210439160D+01
 -0.521962545132D+01 -0.225587089337D+01 -0.259778218529D-01
 -0.490616444198D+01 -0.509325263668D+01  0.710751894859D-01
 -0.706417204139D+01 -0.266191440905D+01  0.117855784353D+01
 -0.713117095921D+01 -0.254998579034D+01 -0.124011328220D+01

