       41          41
  0.272606874619D+01  0.392440334845D-01  0.695633764512D+00
  0.255425461039D+01  0.432302046530D+00 -0.304100847197D+00
  0.267914256939D+01 -0.640424508899D+00 -0.156183477154D+00
  0.309876938540D+01 -0.100153239534D+00 -0.831356636227D+00
  0.317376903655D+01  0.781482791951D+00  0.307986654094D+00
  0.333463114491D+01 -0.642311790449D+00  0.522786050468D+00
  0.383021977204D+01  0.137247867190D+00  0.535430535671D+00
  0.366188766247D+01  0.535713812919D+00 -0.453972607768D+00
  0.377060717454D+01 -0.530855129579D+00 -0.307902519186D+00
 -0.320544039871D+01  0.711742020607D+00 -0.448819968555D+00
 -0.320187271791D+01 -0.156295092926D+00 -0.812021763704D+00
 -0.321462379827D+01  0.563369902041D+00  0.481388523364D+00
 -0.317230206925D+01 -0.742490166551D+00 -0.783903785588D-01
 -0.390917779288D+01  0.840496456080D-01 -0.213606651342D+00
 -0.367561948970D+01 -0.279862228227D+00  0.605841035926D+00
 -0.247726406588D+01  0.104497477841D+00 -0.200458921836D+00
 -0.273126554451D+01 -0.261326334233D+00  0.657194009927D+00
  0.102642189667D+01  0.210293637220D+01 -0.118113658287D+00
 -0.975610741203D+00  0.207401366237D+01  0.643507684084D-02
  0.474478705340D-01  0.384204495845D+01  0.129948344890D+01
 -0.149025051376D+00  0.349388789946D+01 -0.100712476204D+01
  0.104130309142D+01 -0.210904740924D+01  0.306476208434D-01
 -0.992525924854D+00 -0.207905368262D+01 -0.459144937369D-01
 -0.194288683951D+00 -0.361665820760D+01  0.116784483046D+01
  0.660045396569D-01 -0.366614126750D+01 -0.108012984176D+01
  0.527448648442D+01  0.144955003514D+01  0.163406078672D+01
  0.568620410418D+01  0.441805940198D+01  0.136645351358D+01
  0.578658925724D+01  0.174843601713D+01  0.410076558616D+01
  0.762346878711D+01  0.130771683396D+01  0.160444071269D+01
 -0.545917464924D+01  0.165728231562D+01  0.147294904367D+01
 -0.554835555516D+01  0.434624687568D+01  0.181463864611D+01
 -0.569098316418D+01  0.123630163416D+01  0.409394485357D+01
 -0.744367583299D+01  0.151425872187D+01  0.144932086545D+01
  0.525373492238D+01 -0.152690874021D+01 -0.156543570412D+01
  0.561172813411D+01 -0.426958477457D+01 -0.133580927235D+01
  0.584875247731D+01 -0.171475251296D+01 -0.423386568196D+01
  0.766584821281D+01 -0.131376490112D+01 -0.163138437076D+01
 -0.545451191862D+01 -0.163882054340D+01 -0.146937564034D+01
 -0.555548039131D+01 -0.434319794697D+01 -0.183779546657D+01
 -0.566773158961D+01 -0.125940427117D+01 -0.410206826917D+01
 -0.748160233808D+01 -0.149879694093D+01 -0.141087056944D+01
  0.320586978018D+01  0.707154592935D+00 -0.446373396479D+00
  0.319307674121D+01 -0.156761871069D+00 -0.810015009367D+00
  0.322659739136D+01  0.569988357767D+00  0.478207983356D+00
  0.316977065420D+01 -0.742276878804D+00 -0.843703614056D-01
  0.391588713616D+01  0.667636940613D-01 -0.209882955049D+00
  0.367145322616D+01 -0.279907954286D+00  0.608802871085D+00
  0.247240320042D+01  0.960543566107D-01 -0.193381552156D+00
  0.272984079507D+01 -0.255889777016D+00  0.652698070153D+00
 -0.273059979752D+01  0.333758307837D-01  0.697544260109D+00
 -0.255245398482D+01  0.430017785667D+00 -0.306261975084D+00
 -0.267642928565D+01 -0.636525224853D+00 -0.157071332834D+00
 -0.309729635995D+01 -0.102943858818D+00 -0.830347417070D+00
 -0.317341331248D+01  0.778268646507D+00  0.302515563629D+00
 -0.333517797819D+01 -0.643253001930D+00  0.523177606691D+00
 -0.382943419430D+01  0.139440005548D+00  0.534758912139D+00
 -0.365912748123D+01  0.531167961525D+00 -0.460981265619D+00
 -0.377192727357D+01 -0.537069726025D+00 -0.307757673301D+00
  0.986394030730D+00  0.207486728614D+01  0.191484566464D-01
 -0.103514193000D+01  0.210986062174D+01 -0.106565641620D+00
 -0.406208067380D-01  0.378478130510D+01  0.118950946794D+01
  0.142775425531D+00  0.348362381629D+01 -0.963917504403D+00
  0.996263843135D+00 -0.207641049907D+01 -0.392933570433D-01
 -0.104300677963D+01 -0.210618253277D+01  0.334224735658D-01
  0.180535609508D+00 -0.357074718007D+01  0.107550904124D+01
 -0.623467058247D-01 -0.367036120533D+01 -0.103594913158D+01
  0.542972264327D+01  0.163488719661D+01  0.144156658151D+01
  0.554013444042D+01  0.435660115717D+01  0.187839129406D+01
  0.573301880367D+01  0.116831671420D+01  0.411083698334D+01
  0.743617011346D+01  0.158035369527D+01  0.141573864292D+01
 -0.527465183346D+01  0.148059144690D+01  0.160730206020D+01
 -0.562121861068D+01  0.442535404397D+01  0.150566049749D+01
 -0.584964444564D+01  0.157445911538D+01  0.414863706433D+01
 -0.762177825449D+01  0.141389372149D+01  0.148973665009D+01
  0.542398906053D+01 -0.161424640371D+01 -0.143202656328D+01
  0.552966779214D+01 -0.436929649177D+01 -0.192424898348D+01
  0.572937525767D+01 -0.117135581068D+01 -0.410896768644D+01
  0.746999514216D+01 -0.158178577511D+01 -0.136759561728D+01
 -0.524832305900D+01 -0.155294864567D+01 -0.154326808401D+01
 -0.552652208667D+01 -0.429307006208D+01 -0.148657658391D+01
 -0.592406738524D+01 -0.152715989108D+01 -0.427123211540D+01
 -0.768310182762D+01 -0.141039432600D+01 -0.150444620783D+01

