        12          10
  0.252423043053D-02  0.155687308398D+01  0.128903990982D-01 
  0.135110006762D+01 -0.778343557247D+00  0.125713293867D-01 
 -0.133951018783D+01 -0.774025180863D+00 -0.107709356636D-01 
  0.119596848700D+01  0.689536697566D+00  0.411352986709D+00 
 -0.121095978265D+01  0.682237342416D+00 -0.504211786190D-01 
  0.937504081530D-01  0.306733871719D+01  0.892714617008D+00 
  0.270385860957D+01 -0.145186066426D+01  0.892319431890D+00 
 -0.265804964543D+01 -0.153398824952D+01 -0.103999212203D+01 
 -0.142340667370D-01 -0.138968444252D+01 -0.513135281694D-01 
 -0.966538913799D-02  0.219932244797D+01 -0.166312222394D+01 
  0.189908817458D+01 -0.110830612529D+01 -0.166372754135D+01 
 -0.200234147988D+01 -0.115685971471D+01  0.159116449518D+01 
 -0.220082148719D-02 -0.131609524275D+01  0.302388525276D+00 
 -0.166105896186D-02  0.301867703400D+01  0.428776612588D+00 
  0.269826480778D+01 -0.147440490229D+01  0.116715478531D+00 
 -0.269504291857D+01 -0.147441550009D+01  0.824226836607D-01 
  0.116228761204D+01  0.678951975651D+00  0.676174067443D+00 
 -0.116770529650D+01  0.671204824556D+00  0.680419855272D+00 
 -0.205921603561D-01  0.529968588180D+00  0.263178259500D+01 
 -0.261665778295D-02  0.162143343324D+01 -0.189326089473D+00 
  0.138975560277D+01 -0.811796777476D+00 -0.137845821711D+00 
 -0.138988925909D+01 -0.816122771986D+00 -0.134083884212D+00 

