         15          13
 -0.705881000755D-01  0.196569786676D+01 -0.246660025464D-02 
  0.196526339564D+01 -0.702401517491D-01 -0.210468055191D-02 
 -0.234422908623D-01 -0.194341370970D+01 -0.535476038215D-01 
 -0.194386651651D+01 -0.244298020232D-01 -0.530894535997D-01 
 -0.122035421150D+01 -0.121978042020D+01 -0.248031124776D+00 
  0.123149156052D+01 -0.115460393930D+01 -0.307051932002D+00 
 -0.115178277738D+01  0.122985497706D+01 -0.312524020573D+00 
  0.118459331858D+01  0.118336793724D+01 -0.659333901886D+00 
 -0.183483775382D+00  0.356226833265D+01  0.600017617888D-02 
  0.356498606514D+01 -0.190953878705D+00  0.577439442572D-02 
 -0.104255486545D+00 -0.354088315962D+01 -0.188584976325D+00 
 -0.354156845606D+01 -0.109010838622D+00 -0.182276636124D+00 
  0.350995031096D+00 -0.151249509558D+01  0.183929862920D+01 
  0.110658678856D+01  0.110418862048D+01  0.729819629170D+00 
 -0.150543968259D+01  0.367930139463D+00  0.183088917336D+01 
  0.151920884340D+01 -0.145391507063D-02  0.174186079527D+01 
 -0.107357979920D+01 -0.110825181697D+01 -0.113196851520D+00 
  0.112658246361D+01 -0.114703960353D+01  0.109154740138D+01 
 -0.108542697058D+01  0.111125461888D+01 -0.105145869806D+00 
  0.113614815901D+01  0.114362282798D+01  0.102509882150D+01 
  0.185186439817D+00  0.346747722864D+01 -0.231337625803D+00 
  0.338628296563D+01 -0.123846412004D-02  0.984050278541D+00 
  0.195748831820D+00 -0.346587109684D+01 -0.293476305639D+00 
 -0.362105777902D+01  0.125063723924D-01  0.302776115999D+00 
 -0.338818003571D-01  0.194530715582D+01 -0.119928283451D+00 
  0.193878826765D+01  0.440349619527D-03 -0.187071446608D+00 
 -0.371849533948D-01 -0.194646253187D+01 -0.133943670033D+00 
 -0.193442535944D+01  0.212242831248D-03  0.101214511579D+00 

