      42          40
  0.272908098543D+01  0.565765386601D-01  0.699888952755D+00 
  0.255315801663D+01  0.428796481177D+00 -0.314820910716D+00 
  0.267579671784D+01 -0.637843700214D+00 -0.140302136403D+00 
  0.309560776730D+01 -0.120617995113D+00 -0.823761875842D+00 
  0.317914622807D+01  0.787294013237D+00  0.286100104401D+00 
  0.333293834887D+01 -0.633757389430D+00  0.539230462286D+00 
  0.383108789142D+01  0.146234906045D+00  0.531137030683D+00 
  0.366272947155D+01  0.520190897974D+00 -0.472936231923D+00 
  0.376665109197D+01 -0.544476590782D+00 -0.297495000098D+00 
 -0.272908774732D+01  0.565839806296D-01  0.699889852213D+00 
 -0.255316262000D+01  0.428792756069D+00 -0.314826549233D+00 
 -0.267579853410D+01 -0.637847478300D+00 -0.140297823655D+00 
 -0.309560976920D+01 -0.120629272623D+00 -0.823764273699D+00 
 -0.317914674942D+01  0.787293588481D+00  0.286092850791D+00 
 -0.333294057788D+01 -0.633752488268D+00  0.539235784451D+00 
 -0.383109749032D+01  0.146238570173D+00  0.531132351629D+00 
 -0.366273278544D+01  0.520187587920D+00 -0.472938776068D+00 
 -0.376664523123D+01 -0.544465161698D+00 -0.297483030015D+00 
  0.102644645435D+01  0.210680014476D+01 -0.176128563133D+00 
 -0.102643964328D+01  0.210679464555D+01 -0.176111296569D+00 
  0.522722572598D-05  0.361777475315D+01  0.140110104930D+01 
 -0.854630037168D-05  0.367609493587D+01 -0.866663386647D+00 
  0.105435114396D+01 -0.210607029509D+01  0.888951322409D-01 
 -0.105435063827D+01 -0.210606762672D+01  0.888826593455D-01 
 -0.140985823205D-04 -0.383912238879D+01  0.107621477255D+01 
  0.116974513398D-04 -0.347429481762D+01 -0.116235383961D+01 
  0.532147076947D+01  0.147185202425D+01  0.156392104240D+01 
  0.558861614536D+01  0.445668234624D+01  0.146458041129D+01 
  0.597610045707D+01  0.158643359260D+01  0.423263302856D+01 
  0.739859346663D+01  0.144369263690D+01  0.156458281692D+01 
 -0.532148048778D+01  0.147183071301D+01  0.156393940892D+01 
 -0.558867608296D+01  0.445667306105D+01  0.146442052587D+01 
 -0.597603060211D+01  0.158658453193D+01  0.423264799587D+01 
 -0.739859199108D+01  0.144360110538D+01  0.156468158128D+01 
  0.530655266433D+01 -0.154664598524D+01 -0.152955627418D+01 
  0.553994649799D+01 -0.434479590758D+01 -0.142013908987D+01 
  0.599772649263D+01 -0.156765125859D+01 -0.429393195261D+01 
  0.746002924815D+01 -0.141539059581D+01 -0.160399664228D+01 
 -0.530655996381D+01 -0.154661048743D+01 -0.152958293039D+01 
 -0.554000694369D+01 -0.434478276218D+01 -0.141996069945D+01 
 -0.599764733384D+01 -0.156781788774D+01 -0.429394981871D+01 
 -0.746003272949D+01 -0.141529916548D+01 -0.160410161196D+01 
  0.320366805905D+01  0.712040975464D+00 -0.443924627131D+00 
  0.319586106209D+01 -0.156772084982D+00 -0.814359216894D+00 
  0.320309751890D+01  0.566284258754D+00  0.483144974018D+00 
  0.319950117538D+01 -0.743849462174D+00 -0.869976231585D-01 
  0.391134451522D+01  0.916452189888D-01 -0.200742148105D+00 
  0.367805816567D+01 -0.273053646843D+00  0.618544729906D+00 
  0.246882121162D+01  0.864742699466D-01 -0.199822831622D+00 
  0.273057987039D+01 -0.280829663895D+00  0.641437667940D+00 
 -0.320366784444D+01  0.712039718269D+00 -0.443929283559D+00 
 -0.319585907460D+01 -0.156772174652D+00 -0.814359250771D+00 
 -0.320310128363D+01  0.566274417140D+00  0.483157085215D+00 
 -0.319949962258D+01 -0.743851407225D+00 -0.869796187644D-01 
 -0.391133930222D+01  0.916543811264D-01 -0.200758276689D+00 
 -0.367806047742D+01 -0.273052334901D+00  0.618547094393D+00 
 -0.246882389666D+01  0.864767303705D-01 -0.199836781184D+00 
 -0.273058117276D+01 -0.280830092290D+00  0.641438181640D+00 
  0.100688540251D+01  0.209601237851D+01  0.575675337275D-01 
 -0.100688237399D+01  0.209600673229D+01  0.575610862691D-01 
 -0.836082931759D-05  0.384682344682D+01  0.103485587030D+01 
  0.437054118216D-05  0.335148599327D+01 -0.108083450986D+01 
  0.100713034759D+01 -0.208377681664D+01 -0.951925207224D-01 
 -0.100712524195D+01 -0.208376925989D+01 -0.951826427908D-01 
  0.508278530896D-05 -0.342135313048D+01  0.118729576171D+01 
 -0.981733370223D-05 -0.376378970230D+01 -0.924450232839D+00 
  0.548625793993D+01  0.165245717475D+01  0.137909296612D+01 
  0.550843721265D+01  0.439411641359D+01  0.175156401427D+01 
  0.579220364094D+01  0.124079422626D+01  0.426306826916D+01 
  0.727144776022D+01  0.151836209974D+01  0.153341003770D+01 
 -0.548625536689D+01  0.165245757714D+01  0.137909608352D+01 
 -0.550851207267D+01  0.439412908778D+01  0.175145125678D+01 
 -0.579214490581D+01  0.124089879966D+01  0.426308744419D+01 
 -0.727143810366D+01  0.151826082038D+01  0.153348118742D+01 
  0.551833470667D+01 -0.166183259705D+01 -0.140962580270D+01 
  0.549555782859D+01 -0.440238490351D+01 -0.177429108693D+01 
  0.577404702013D+01 -0.123802230374D+01 -0.425232798657D+01 
  0.727672298143D+01 -0.150312668242D+01 -0.149871950289D+01 
 -0.551832607508D+01 -0.166182493361D+01 -0.140962395332D+01 
 -0.549563559917D+01 -0.440240177189D+01 -0.177417470918D+01 
 -0.577398546223D+01 -0.123813510148D+01 -0.425234923000D+01 
 -0.727671761363D+01 -0.150302187696D+01 -0.149879579164D+01 

