          42          40
  0.261394275163D+01 -0.235066796994D-03  0.585811043971D+00
  0.266395420735D+01  0.543914833553D+00 -0.350058215582D+00
  0.266458840652D+01 -0.544416968338D+00 -0.349806069992D+00
  0.324218529388D+01  0.269740329042D-02 -0.843250190805D+00
  0.318277812198D+01  0.716790431032D+00  0.450418457032D+00
  0.318267331346D+01 -0.715597128251D+00  0.452905417191D+00
  0.373387834227D+01 -0.524644184903D-03  0.638449901240D+00
  0.377033533883D+01  0.539502891087D+00 -0.293126215657D+00
  0.376938519689D+01 -0.540161800311D+00 -0.293017383769D+00
 -0.261394280894D+01 -0.237175993107D-03  0.585811479175D+00
 -0.266395141297D+01  0.543912735564D+00 -0.350058393053D+00
 -0.266459049953D+01 -0.544418425284D+00 -0.349805333157D+00
 -0.324218533587D+01  0.271664728001D-02 -0.843249521460D+00
 -0.318277834260D+01  0.716793913534D+00  0.450409689964D+00
 -0.318267326699D+01 -0.715593019499D+00  0.452913270221D+00
 -0.373387889956D+01 -0.528374789489D-03  0.638449888854D+00
 -0.377033853848D+01  0.539501336812D+00 -0.293125828682D+00
 -0.376938218967D+01 -0.540163867566D+00 -0.293016769446D+00
  0.104453997331D+01  0.212052710325D+01 -0.355472214275D-01
 -0.104453780296D+01  0.212052486548D+01 -0.355452308505D-01
 -0.173012420653D-05  0.372341676807D+01  0.120675638287D+01
 -0.119286441542D-05  0.358116355218D+01 -0.101406983309D+01
  0.104456256452D+01 -0.212051495446D+01 -0.355664303554D-01
 -0.104456045669D+01 -0.212051256146D+01 -0.355644490197D-01
 -0.180825634498D-05 -0.372343537444D+01  0.120686460038D+01
 -0.135413078063D-05 -0.358125741215D+01 -0.101406004247D+01
  0.520962281739D+01  0.224140703307D+01 -0.588908252059D-01
  0.495229172038D+01  0.504093242457D+01 -0.294746042490D-01
  0.701383991625D+01  0.273405356231D+01  0.124619322147D+01
  0.717249604250D+01  0.252499882006D+01 -0.116139720419D+01
 -0.520962562073D+01  0.224140482017D+01 -0.588721755902D-01
 -0.495228617290D+01  0.504092822150D+01 -0.294421669263D-01
 -0.701387036017D+01  0.273404369815D+01  0.124616926879D+01
 -0.717246781480D+01  0.252501248032D+01 -0.116142277399D+01
  0.520963696788D+01 -0.224137633509D+01 -0.589954760672D-01
  0.495223481789D+01 -0.504083173897D+01 -0.298400170835D-01
  0.701365183549D+01 -0.273418358014D+01  0.124641296434D+01
  0.717267991639D+01 -0.252493559742D+01 -0.116112438096D+01
 -0.520963996010D+01 -0.224137399519D+01 -0.589774090825D-01
 -0.495222895234D+01 -0.504082698110D+01 -0.298099124150D-01
 -0.701368060201D+01 -0.273417462794D+01  0.124639023968D+01
 -0.717265322653D+01 -0.252494867106D+01 -0.116114835711D+01
  0.320199437282D+01  0.470088312204D+00 -0.685726130703D+00
  0.320159740880D+01 -0.471463614506D+00 -0.684857489104D+00
  0.319962211101D+01  0.709409126256D+00  0.217011544359D+00
  0.320064787074D+01 -0.709757000640D+00  0.216205207261D+00
  0.390141273842D+01  0.874741874129D-04 -0.214686862100D+00
  0.367341499301D+01  0.501392680721D-04  0.675130005126D+00
  0.248180935458D+01  0.604903817374D-03 -0.216249493461D+00
  0.272965580312D+01 -0.364490680113D-03  0.701408280261D+00
 -0.320199382752D+01  0.470085312041D+00 -0.685728181101D+00
 -0.320159834780D+01 -0.471466499414D+00 -0.684855927128D+00
 -0.319962272870D+01  0.709407112059D+00  0.217018232284D+00
 -0.320064736121D+01 -0.709756391518D+00  0.216208011396D+00
 -0.390141169439D+01  0.871658184608D-04 -0.214690888238D+00
 -0.367341564954D+01  0.508918201076D-04  0.675129857315D+00
 -0.248181047117D+01  0.608599129412D-03 -0.216254388126D+00
 -0.272965637397D+01 -0.366571847579D-03  0.701409063090D+00
  0.942914235117D+00  0.203975005730D+01 -0.157883460851D-01
 -0.942913253325D+00  0.203974825122D+01 -0.157885233038D-01
 -0.458343281943D-06  0.367053859133D+01  0.109045385814D+01
 -0.826842249757D-06  0.358279861761D+01 -0.988039051564D+00
  0.942970081559D+00 -0.203970850990D+01 -0.157538462122D-01
 -0.942969108921D+00 -0.203970662610D+01 -0.157538789339D-01
 -0.323999310033D-06 -0.367060579006D+01  0.109045827264D+01
 -0.980061209494D-06 -0.358272899822D+01 -0.988109534104D+00
  0.547650718283D+01  0.224918609850D+01  0.706641061914D-02
  0.480746855815D+01  0.518293152512D+01  0.564507125207D-01
  0.687909316000D+01  0.260337719383D+01  0.118728318218D+01
  0.693701885607D+01  0.255169792102D+01 -0.128836882875D+01
 -0.547650773381D+01  0.224918592393D+01  0.706568092685D-02
 -0.480746686909D+01  0.518293022516D+01  0.564524549514D-01
 -0.687909227221D+01  0.260337696138D+01  0.118728406724D+01
 -0.693701917040D+01  0.255169936719D+01 -0.128836879890D+01
  0.547666771859D+01 -0.224931692396D+01  0.709227625172D-02
  0.480747922358D+01 -0.518287711896D+01  0.564435713833D-01
  0.687900874304D+01 -0.260338072553D+01  0.118722882081D+01
  0.693685557515D+01 -0.255167935164D+01 -0.128837943833D+01
 -0.547666843069D+01 -0.224931702436D+01  0.709154517388D-02
 -0.480747759445D+01 -0.518287595497D+01  0.564450930557D-01
 -0.687900764206D+01 -0.260338044715D+01  0.118722962459D+01
 -0.693685564603D+01 -0.255168060175D+01 -0.128837920526D+01

