        11          11
  0.666524548191D-01  0.162731437832D+01 -0.255961678082D-02  
  0.133771621478D+01 -0.772946224442D+00  0.131785927939D-01  
 -0.137245210058D+01 -0.865250680273D+00 -0.220184212988D-01  
  0.132670553205D+01  0.742015368879D+00  0.115411593611D+00  
 -0.117724357911D+01  0.714677545299D+00  0.682368086274D+00  
  0.196884889613D+00  0.315716170186D+01 -0.237379577216D-01  
  0.254595919518D+01 -0.146603852876D+01  0.972263222442D+00  
 -0.264808271165D+01 -0.171868050379D+01 -0.390322045335D-01  
  0.264095353757D-01 -0.150524697965D+01  0.111241006364D+00  
 -0.119781814203D+01  0.703801001958D+00 -0.613400248169D+00  
  0.193591936434D+01 -0.113987244462D+01 -0.151495383723D+01  
 -0.136706403869D+01 -0.993944954400D+00  0.179353332983D+01  
 -0.459667758147D-02 -0.138635711556D+01 -0.314382224339D+00  
 -0.211139999780D+00  0.314766598429D+01  0.260082031104D+00  
  0.267955642971D+01 -0.160661605556D+01  0.914544471937D-01  
 -0.267285986219D+01 -0.159453766748D+01 -0.339410765000D+00  
  0.898441373403D+00  0.132038111796D+01 -0.158199808562D+01  
 -0.124655402937D+01  0.761795336114D+00  0.641066112555D-01  
  0.118934245557D+01  0.736629965107D+00 -0.246623301073D-01  
 -0.356614287155D-01  0.158499994968D+01  0.893358092049D-01  
  0.137057345989D+01 -0.838015732069D+00  0.125452183449D+00  
 -0.137134229070D+01 -0.786094424055D+00 -0.472576188951D-01  

